2 1 1 0 
2 1 2 0 
2 1 3 0 
2 2 1 0 
2 2 2 0 
2 2 3 0 
2 3 1 0 
2 3 2 0 
2 3 3 0 
2 4 1 0 
2 4 2 0 
2 4 3 0 
2 5 1 0 
2 5 2 0 
2 5 3 0 
2 6 1 0 
2 6 2 0 
2 6 3 0 
2 7 1 0 
2 7 2 0 
2 7 3 0 
2 8 1 0 
2 8 2 0 
2 8 3 0 
2 9 1 0 
2 9 2 0 
2 9 3 0 
2 10 1 0 
2 10 2 0 
2 10 3 0 
2 11 1 0 
2 11 2 0 
2 11 3 0 
2 12 1 0 
2 12 2 0 
2 12 3 0 
2 13 1 0 
2 13 2 0 
2 13 3 0 
2 14 1 0 
2 14 2 0 
2 14 3 0 
2 15 1 0 
2 15 2 0 
2 15 3 0 
2 16 1 0 
2 16 2 0 
2 16 3 0 
2 17 1 0 
2 17 2 0 
2 17 3 0 
2 18 1 0 
2 18 2 0 
2 18 3 0 
2 19 1 0 
2 19 2 0 
2 19 3 0 
2 20 1 0 
2 20 2 0 
2 20 3 0 
2 21 1 0 
2 21 2 0 
2 21 3 0 
2 22 1 0 
2 22 2 0 
2 22 3 0 
2 23 1 0 
2 23 2 0 
2 23 3 0 
2 24 1 0 
2 24 2 0 
2 24 3 0 
